# see custom_filters/enrico_20260904_3_2_narrow_up24_taps_27.txt
-0.0003397811087779701
-0.0010461800266057253
-0.0025415613781660795
-0.0008077416568994522
0.0016487882239744067
0.002140612341463566
0.011383295059204102
0.028485337272286415
0.019436953589320183
0.037336770445108414
0.07555463165044785
-0.022128969430923462
0.14068666100502014
0.4203823506832123
0.14068666100502014
-0.022128969430923462
0.07555463165044785
0.037336770445108414
0.019436953589320183
0.028485337272286415
0.011383295059204102
0.002140612341463566
0.0016487882239744067
-0.0008077416568994522
-0.0025415613781660795
-0.0010461800266057253
-0.0003397811087779701
