# windowed sinc, fs=3.2e+06, cutoff=1400 kHz, 27 taps
-0.00181263902301
0.00248062094027
-0.00355312876465
0.00441155814306
-0.00377805450311
1.28757744269e-17
0.00844563612121
-0.0223730975068
0.0414212361611
-0.0638689532688
0.0868261212225
-0.106781586356
0.120377341132
0.876409891405
0.120377341132
-0.106781586356
0.0868261212225
-0.0638689532688
0.0414212361611
-0.0223730975068
0.00844563612121
1.28757744269e-17
-0.00377805450311
0.00441155814306
-0.00355312876465
0.00248062094027
-0.00181263902301
