# windowed sinc, fs=3.2e+06, cutoff=700 kHz, 27 taps
-0.00163293315648
-0.00175578548305
0.00213875291969
0.00576963576932
-0.00192792586618
-0.0150345527828
-0.0043097738058
0.0292605513652
0.0249328959474
-0.0452064961422
-0.0782181396254
0.0578464981421
0.308819753173
0.43863503909
0.308819753173
0.0578464981421
-0.0782181396254
-0.0452064961422
0.0249328959474
0.0292605513652
-0.0043097738058
-0.0150345527828
-0.00192792586618
0.00576963576932
0.00213875291969
-0.00175578548305
-0.00163293315648
