# windowed sinc, fs=3.2e+06, cutoff=800 kHz, 27 taps
0.00195519316625
-1.81641968066e-18
-0.00383256290483
3.80698839151e-18
0.00983834956737
-7.33211051052e-18
-0.0219930973497
1.15842230425e-17
0.044678789793
-1.558921825e-17
-0.09365452068
1.84295999963e-17
0.313472016106
0.499071664604
0.313472016106
1.84295999963e-17
-0.09365452068
-1.558921825e-17
0.044678789793
1.15842230425e-17
-0.0219930973497
-7.33211051052e-18
0.00983834956737
3.80698839151e-18
-0.00383256290483
-1.81641968066e-18
0.00195519316625
