# windowed sinc, fs=3.2e+06, cutoff=1200 kHz, 27 taps
-0.00138766414092
2.73474697568e-18
0.00272009446567
-0.00624037070439
0.00698259646981
-1.10390056095e-17
-0.0156092160441
0.0316478708249
-0.0317099893379
2.34706592955e-17
0.0664696574363
-0.151047920407
0.222481278802
0.751387325273
0.222481278802
-0.151047920407
0.0664696574363
2.34706592955e-17
-0.0317099893379
0.0316478708249
-0.0156092160441
-1.10390056095e-17
0.00698259646981
-0.00624037070439
0.00272009446567
2.73474697568e-18
-0.00138766414092
