# windowed sinc, fs=3.2e+06, cutoff=1000 kHz, 27 taps
0.000749867834752
-0.00247747619706
0.00146988834485
0.00440596550402
-0.00910946746973
9.18532249713e-18
0.0203637209162
-0.0223447345895
-0.0171354871425
0.0637879850507
-0.0359189638392
-0.106646216754
0.290248187852
0.625213460979
0.290248187852
-0.106646216754
-0.0359189638392
0.0637879850507
-0.0171354871425
-0.0223447345895
0.0203637209162
9.18532249713e-18
-0.00910946746973
0.00440596550402
0.00146988834485
-0.00247747619706
0.000749867834752
