# windowed sinc, fs=3.2e+06, cutoff=900 kHz, 27 taps
-0.00162999119611
0.00175262218681
0.00213489965337
-0.00575924095328
-0.00192445243466
0.0150074659065
-0.00430200913787
-0.0292078343376
0.0248879758039
0.0451250502365
-0.0780772185682
-0.0577422794824
0.308263370647
0.562943283352
0.308263370647
-0.0577422794824
-0.0780772185682
0.0451250502365
0.0248879758039
-0.0292078343376
-0.00430200913787
0.0150074659065
-0.00192445243466
-0.00575924095328
0.00213489965337
0.00175262218681
-0.00162999119611
